4 1.1381683268091645 1.1174352562459113 1.1417465964674063 1.116014764524097
5 1.107470514295465 1.1192728698212693 1.1158101583670168 1.1140996618556398
6 1.094398469969989 1.0921614206550352 1.0853993843276313 1.0842132356772554
7 1.0726017302084805 1.0596317159874953 1.0778325792442716 1.0776199629726106
8 1.1094810508187187 1.0725014081941238 1.0682971718927459 1.0655492928781536
9 1.0726005681606061 1.0700282576334663 1.0663508816778495 1.0643896158475175
10 1.0700305418668052 1.0542436526746344 1.063145758047062 1.047202869220784
11 1.0561487842970558 1.0474904399803326 1.0506324465237002 1.0639803175355804
12 1.0402631294310762 1.0531352757679016 1.0386814163010918 1.0470897544135733
13 1.0369729305635653 1.033298748046497 1.0287787983533345 1.0361772139547472
14 1.0391095289644616 1.0244927267404051 1.0326181543078459 1.0256813155285012
15 1.0390434178764816 1.0321168005446408 1.0335919075760018 1.0334800956940877
16 1.0208366793208599 1.0295966460235457 1.0218909685224455 1.02619071217338
17 1.028090833364662 1.0258743439624178 1.0328596849882823 1.0242398843579734
18 1.033546534128617 1.0205508022377916 1.0175563228765838 1.0260644613145353
19 1.0278672524120103 1.0285139900485105 1.033270349966299 1.0238096002002397
20 1.026034110863755 1.036542989414675 1.0134729703986165 1.0341602151588034
21 1.0262740251772888 1.0198027072339344 1.0309840268584352 1.0192537622601732
22 1.0205698104296248 1.0135458035099443 1.0270602620789673 1.0185114007848581
23 1.0167961091765718 1.0205002793621312 1.030587679864554 1.0273059259207828
24 1.0244497127679262 1.0181815227971458 1.0193667210445674 1.0056709785485745
25 1.0251736699459981 1.0263113250834544 1.0053349370270384 1.0263802066266456
26 1.020904008101371 1.006788690341461 1.0301690748639396 1.0178399502922448
27 1.0232767222833306 1.0383180872911428 1.001000407074535 1.028797387198347
28 1.0078139989893034 1.0136152102880964 1.04107322644498 1.0228646857721353
29 1.0199875557739664 1.0143756921147673 1.0140900924618261 1.0083614636119527
30 1.0267545212345401 1.0135299062907268 1.0037271177088927 1.014441111127593
31 1.0094833455215124 1.0175096332536993 1.013524837432931 1.0143351140259023
32 1.0146560257006525 1.0213392995353923 1.0298079386923824 1.0195774628909218
33 1.016996746320256 1.0115880818989842 1.0077530341493675 1.0137155394026742
34 1.0121102286777586 1.012334037920402 1.0117630358257548 1.0121263863299073
35 1.0197424400332993 1.0121179335023003 1.0249453202307246 1.0194884853605348
36 1.0102426973680039 1.0210663486702314 1.004431998269666 1.015009363556232
37 1.0150603883298266 1.0083393522567448 1.0205427516875094 1.0151452403801922
38 1.013703018417029 1.0231692987981282 1.014492440105633 1.0058178562028095
39 1.0087717785469519 1.008634527006791 1.0140597679875545 1.015649915653743
40 1.0211229763196157 0.9974008524441619 1.008740429995402 1.0120801576778946
41 1.0034066898983496 1.0222760276357516 1.0128541457103726 1.0066171895626408
42 1.004339055797317 1.020999788444252 0.9962687135594614 1.017510789994885
43 1.0144895523492379 0.9962824644627014 1.0233057444184446 1.0095587238200494
44 1.010728057654077 1.0165120970696129 1.0096576745684822 1.0049858401667104
45 1.0140252665999012 1.0073675285106098 1.008554028326622 1.0117043454162777
46 1.010463162231121 1.0095524118466164 1.0044323854994666 1.011870654665788
47 1.0129258918201458 1.0175397867164393 1.018408103680435 1.0078652660295122
48 1.005485280604523 1.0088093652082606 1.0052166691176434 1.0071202573111095
49 1.0083591204146947 0.9981904354951668 1.0093508272990437 1.0128706530981983
50 1.0122823130527048 1.0138818709396142 1.0053046783522315 1.003677244817372
51 1.005172965025298 1.0139748483887616 1.0112991452562383 1.011861804965212
52 1.0181849106693794 1.0052032924005705 1.0090544820434204 1.0094675725962945
53 1.0050597930205796 1.008620118403708 1.0079724172650302 1.008180049182903
54 1.009038777944441 1.0090369660648901 1.0067437749207209 1.0098256131358248
55 1.0106620806810918 1.0048678914147724 1.0145440427142987 1.0027288928587974
56 1.0118456478837135 1.0106436468181506 1.0029758526550927 1.0168260755595746
57 1.0030115673108349 1.0125413396705005 1.0061844925795593 1.0017061562122394
58 1.007162597351228 1.0017660099535257 1.0147667163525438 1.0068889585213128
59 1.0075478238297408 1.0103772556807344 1.0078003706773315 1.0082287750680798
60 1.0077597228582056 1.0075684090124846 1.0038111979773825 1.0087729888636137
61 1.010696014286825 1.0069056973958028 1.0051552249238862 1.003727200799819
62 1.0026663267006732 1.0050759730310805 1.008474427609459 1.0107258292951575
63 1.0124287322594931 1.0035399141330954 1.0061316294409568 1.0041404327287275
64 1.013590563760352 1.0166464148695817 1.0082625485206647 1.0059480906487788
65 0.9980528067029767 1.0000541260475015 1.0020507900591267 1.0113318106573923
66 1.0083552153515931 1.0071457735245055 1.0104612155222277 1.003261786801989
67 1.0026009981819328 1.0051531577829749 1.0064086685871458 1.005032389677848
68 1.0099258856685804 1.0099546688249572 1.0082915997070088 1.0099753325599368
69 1.0068113908416232 1.0086748387328826 1.007913372887762 1.005955702302303
70 1.0063850037467978 0.9978358218813264 0.9995331231423725 1.0112876866128138
71 1.0168455027046728 1.0138552308053 1.0113960432463187 1.0003991034463906
72 0.9982154777558943 1.008660268605508 1.003451869573498 1.0078898993241872
73 1.0114137242649557 1.0024787409520861 1.0092721103604576 1.0088026366378553
74 1.002345333816549 1.007353609547148 1.0040169016675191 1.0041034423101967
75 1.0092333277102492 1.002842027276137 1.0098341442732888 1.009023504379985
76 1.0043651831114668 1.008036570975423 1.0000732229644278 1.0052202062796245
77 1.0071418576674682 1.0065761980818542 1.0155942602740315 1.0009032979911137
78 1.0113930686429118 1.0134133742922484 0.9962312080014353 1.0046180049095221
79 0.9973296363893732 1.0063916821872598 1.0079954142814682 1.0073459484628526
80 1.0158301951639823 1.0030769867821416 1.0143266742061179 1.0078877380694677
81 0.9961697341286027 1.0015815151971277 0.9976915670237781 1.0076140835368355
82 1.0150360267115053 1.0090464062804096 1.0094362348767407 1.0095346519475255
83 0.9986449207153006 1.0005882531608723 1.0031034444820162 1.0085024086070409
84 1.0076569404377231 1.0018412481465169 1.0087452239335233 0.9964691582358267
85 1.007041821521595 1.006465940244397 0.997942129874279 1.0055050027052976
86 0.9993617968491372 1.0120789208556615 1.0086825097637993 1.0090502371995111
87 1.0052302438516887 1.0030623575846123 1.0115621000593353 1.0021674149729698
88 1.0095613796798018 1.0069234497358717 1.0049539322959404 1.009237467420398
89 1.0081212601764618 1.0017631635831852 1.0053350929408544 1.004963654212816
90 1.001808070281164 1.006923700707001 0.9987609416148063 1.0061151435008804
91 1.0096800218394788 1.0077615902249317 1.0047150807312222 1.0014502011933721
92 1.000023295203506 1.003628157925725 1.0116322208103181 0.9996947459448589
93 1.0070771636696088 1.0071111361473024 0.9961529515180482 1.0085073645800449
94 1.0071929871636816 1.014872443221653 1.015171482161266 1.0122068781163096
95 1.00496532847963 0.9954585213586076 1.0026136049700654 1.0039798851086683
96 1.0077589463363013 1.003507337222234 1.0079213876548745 0.9984921081178875
97 1.0017560881652903 1.0059849123543767 1.0015643679344066 1.0083350088383969
98 1.0031325546213226 1.0005073786103582 1.0043470717460132 1.004190500631623
99 1.0025487074138817 1.0102223980017313 1.0060095734347791 1.0054467298749348
