2 106065.72514988862 51753.97912214196 58832.291325263 65737.4713881337
3 92418.86710678098 45643.9083106385 53002.10589276285 57533.9842254716
4 81199.6476530635 40847.027204047474 46421.95217113214 51553.06726610007
5 73319.91832280965 36494.25292562493 41603.8085179924 46273.29944632915
6 66995.63306664735 33414.706137245834 38330.41470146454 42679.15011886427
7 62460.866116284815 31534.263870259772 35562.49406409679 39605.01065805611
8 56297.37080249645 29402.53842962977 33288.952736895546 37168.6330447267
9 52486.79934883901 27478.28220411492 31217.635122612784 34920.13872676809
10 49051.68338211083 26064.451167813095 29363.457349402208 33346.106808083816
11 46443.91406913214 24882.758040543522 27948.36333730135 31340.905708971153
12 44646.31375960857 23627.314185634954 26907.541522048097 29931.441480414207
13 43054.46404984224 22865.908073830124 26154.83674927629 28886.411588009883
14 41433.99983325024 22319.24881163562 25328.662526573175 28163.14497561616
15 39877.0629988975 21624.731619384464 24505.476814320657 27250.786050893148
16 39063.11734941463 21003.110007110427 23980.520005723487 26555.284244561546
17 37995.78410943677 20473.37486381262 23217.597079506057 25926.821099343593
18 36762.52868621055 20061.103101305736 22817.014210939207 25268.218593330508
19 35765.833185115094 19504.939451878086 22082.32744865214 24680.58376126623
20 34858.327619347896 18817.299090404656 21788.76802206849 23865.338657875494
21 33965.90653585539 18451.901487341434 21133.953053047942 23414.521036404734
22 33281.31617136207 18205.296123216 20577.130508650742 22988.963126344643
23 32731.553426491922 17839.579754544815 19966.404519172123 22377.91347863534
24 31950.37591260155 17521.020913378947 19587.06725162865 22251.72442674249
25 31165.81789920976 17071.838227990156 19483.126001321743 21679.80664774914
26 30527.667294764055 16956.724277663565 18912.551809900713 21299.818936684867
27 29833.247087498374 16330.953380482646 18893.650468308424 20703.609089336045
28 29601.9375771888 16111.590685227537 18148.243551345367 20240.809343913756
29 29021.861501758085 15883.257860446301 17896.08604427671 20072.96993620833
30 28265.628153127618 15671.22761929657 17829.632903738133 19787.220486260063
31 28000.093590969766 15401.552090651518 17591.707914033224 19507.577143538354
32 27595.65102038871 15079.760563074084 17082.513401839395 19133.00151635987
33 27134.453596077423 14907.016831165009 16951.09101433621 18874.132606898653
34 26809.781017158995 14725.393272153437 16754.012959666492 18647.999757558482
35 26290.737704594834 14549.08838656594 16346.250506217259 18291.525628132767
36 26024.179905571575 14248.9157590138 16274.12361849974 18021.04126807832
37 25638.060754583854 14131.071773727346 15946.537851148132 17752.180231204235
38 25291.490987784124 13811.07876313968 15718.735025258262 17649.497989847525
39 25071.5687389811 13692.847501587354 15500.797410050862 17377.540939869104
40 24552.937619076347 13728.5299767216 15366.487700033515 17170.12314492949
41 24469.57735707711 13429.376807819686 15171.47139606771 17057.252074534546
42 24363.861203875407 13153.163164002895 15228.292517450629 16763.70633339455
43 24015.881826930978 13202.242971421205 14881.468808821188 16604.983878463943
44 23760.97274144382 12987.787365718963 14739.123153975313 16522.604811734913
45 23432.328092884756 12892.7992992998 14614.11361216835 16331.455811763357
46 23189.69059806767 12770.807288466598 14549.62406942036 16139.865047432857
47 22893.768226614953 12550.67119260023 14286.634225355561 16013.91137430095
48 22768.874560600874 12441.073234891355 14212.492355400402 15900.69433918068
49 22580.12458025571 12463.626971861117 14080.824992665925 15698.642556720517
50 22306.153420938088 12292.97744549911 14006.524883327347 15641.126306073646
51 22191.358300585303 12123.552635485035 13850.031367106949 15457.769261891837
52 21795.017847982217 12060.796783237989 13725.751793956128 15312.79427048391
53 21685.294744982344 11957.719822529418 13617.189874301055 15188.551174856544
54 21491.041988652258 11850.626116467203 13525.973751735772 15040.766422720588
55 21264.320092200654 11793.218011755242 13332.071533876979 14999.833484242288
56 21015.37930876633 11669.017114869615 13292.514967916844 14751.621584829692
57 20952.280106908907 11524.484638490836 13210.812794221038 14726.495882395426
58 20803.27462716749 11504.16816300793 13018.571245325926 14625.739767791594
59 20647.431452030913 11386.012599083178 12917.80755803482 14506.370111093092
60 20488.4467831982 11300.485899754025 12868.76215772787 14380.212665522073
61 20271.62123287427 11222.983372704004 12802.761044894669 14326.813753839902
62 20217.714201671773 11166.303517193868 12695.176689053988 14174.777509971113
63 19969.518404076487 11126.915192844963 12617.808960153541 14116.329796073936
64 19701.76037352887 10944.72476379347 12514.408056380302 14032.861066389334
65 19740.19835544851 10944.132401163262 12488.796157370309 13875.62510989109
66 19576.63138437331 10866.482974817323 12359.500756212436 13830.512925366393
67 19525.844697813594 10810.773353968343 12280.79719699097 13761.260898068778
68 19333.9382373463 10704.21642443245 12179.807111910432 13625.343564766834
69 19203.138157966703 10612.157668054158 12084.180485684194 13544.675509650064
70 19081.30396068395 10635.174079084398 12089.824945163859 13393.493947322075
71 18765.194820580153 10489.834994131197 11953.601189064038 13388.150690240802
72 18798.74159311426 10399.770190842943 11912.480858842524 13283.34642426505
73 18586.599273977852 10374.05559440188 11803.041753118521 13167.438249899786
74 18543.109492221774 10298.325728008755 11755.81978103702 13113.627237055105
75 18373.46130284106 10269.140550461858 11641.337191561204 12996.35457462712
76 18293.606361304872 10187.269833399952 11640.484840753788 12928.8632415452
77 18163.88249781685 10120.714013318573 11461.74736908508 12917.19516510174
78 17959.27128726437 9986.757891750458 11505.107727029334 12857.817699838148
79 18007.35747940091 9923.331113036978 11413.849273541138 12764.053619770228
80 17726.73972985617 9892.890818750513 11252.636417625914 12664.162026833268
81 17794.89892388931 9877.269766508649 11278.672477100057 12568.46468677837
82 17531.297860964492 9788.71705506456 11173.239167977026 12449.76055307477
83 17555.0863948793 9782.9621966297 11138.670921169729 12344.800019139837
84 17421.68955562736 9764.98244080979 11042.10523816445 12388.542000632886
85 17299.866980006816 9702.24828317448 11064.875314519026 12320.716423390913
86 17310.91486041505 9586.454260871 10969.631382931444 12210.211116530209
87 17220.84563839396 9557.186737577624 10844.249089885829 12183.803757837744
88 17057.750014026708 9491.473001333508 10790.79223573046 12072.286405477433
89 16920.33556661717 9474.767436430446 10733.527866976887 12012.65971646866
90 16889.797625475672 9409.618057234957 10746.843833943702 11939.647061338708
91 16727.87146437255 9337.146948748798 10696.409400088083 11922.35724463473
92 16727.48179428001 9303.392770532259 10573.417077918151 11925.997703795418
93 16609.930596904873 9237.702212411563 10614.250614632228 11825.394759275312
94 16491.308824219952 9102.328350829017 10455.623312068266 11682.784433634813
95 16409.828634753958 9143.854972888379 10428.367678474136 11636.472609578526
96 16283.485941168516 9111.896479201732 10346.409755960995 11654.045650408547
97 16254.940831946042 9057.687016275944 10330.249444974854 11557.712018582019
98 16204.180351899955 9053.093670190121 10285.537475622017 11509.481528965238
99 16162.985630592799 8961.485795699618 10224.09502576055 11447.132092614072
