2 2796916.8972462295 164412.88836678935 446895.3503338701 628293.9299799115
3 2490193.82593025 67656.98239734625 340622.1771380607 482060.01937585097
4 2282261.9846747387 20331.544672716318 236810.78602072247 386292.5771425692
5 2109718.688629855 6159.86267743388 155070.34485972952 306594.55784538883
6 1961555.5409688973 2305.0291597760825 106880.53388350467 219801.23642102492
7 1847742.7142834305 2261.027496817506 59726.94234584022 171865.5900533119
8 1721446.4397265222 2215.975230535918 36148.45994031196 124711.99851564738
9 1638855.0936676995 2175.9003605441153 18729.974747167216 91399.13172276806
10 1543812.2249562407 2137.458858411561 4558.292751884792 60922.698579992735
11 1429620.4504375872 2110.043386004934 4507.168251132388 37344.21617446449
12 1388342.7621323804 2066.8010636372655 4466.470664475199 19925.7309813197
13 1316515.252389009 2033.3582732252346 4421.381556725301 5754.0489860373
14 1224489.3082819614 2013.3390951822025 4379.708398621743 5708.028951384856
15 1178451.226838876 1984.6234872118057 4332.494697670336 5664.140101041891
16 1114159.9364611558 1959.482313167337 4301.870907948966 5612.103733482483
17 1050287.2151016083 1928.846528073066 4245.251927749997 5576.10505355037
18 1021312.0444777509 1906.6268475796642 4213.232020421735 5536.812423470198
19 972623.7615692233 1883.418505309602 4183.629551655305 5484.736498026999
20 889908.8244301549 1866.5156915021553 4147.024648261034 5457.764927813803
21 857490.760113092 1836.108920080174 4108.651750845499 5397.76669407792
22 827294.097402929 1825.8501515835796 4066.6348254916397 5374.467223374104
23 798223.5680777642 1807.1740725856114 4052.094105233291 5341.846974835626
24 735034.9405905508 1787.5243093751012 4008.4896248346713 5305.703460983666
25 676887.3865320116 1766.1172990424614 3990.8005988495747 5271.5400416772245
26 662536.9956013776 1751.5806298748237 3961.062135131583 5223.506418450475
27 629610.6796706425 1737.2474138127202 3946.075012168929 5198.896780056352
28 590421.81497364 1714.5599240581598 3906.019334276657 5153.004991392156
29 545158.9854441726 1704.3649097602304 3882.3806791030324 5121.4071178018485
30 499125.93271652696 1685.3196243112804 3848.3086045303403 5098.359770271926
31 478849.0153247285 1671.4776745562315 3845.25311449549 5062.6105668804485
32 441489.17417440226 1658.9296505857803 3801.3762184791326 5066.837342353872
33 401647.68696272525 1648.5765382728396 3778.274101660053 5009.951612657131
34 385558.1077236061 1636.409178453801 3757.3790061034956 4994.265866821499
35 332389.5837164017 1626.3116471823716 3731.503482084047 4961.110058845387
36 319957.9708209453 1607.1959043490415 3709.4315439874786 4930.891125911866
37 274568.9236170174 1604.6749825684176 3693.582305623033 4900.553815747989
38 244389.92527099207 1588.0788327714056 3674.335557853558 4892.059174706079
39 213543.5299586084 1575.6598990866678 3646.54065683781 4868.909626023617
40 194434.18312610305 1569.1408658855873 3619.9569500687685 4852.270551814416
41 176954.44511282598 1554.4062387715653 3603.8239226217684 4821.710169083429
42 152709.62804582578 1544.4072469867613 3601.4549527420663 4794.17789103614
43 134658.47148941987 1537.451611532646 3571.440795660039 4754.889169477292
44 116670.40740466701 1527.386850153463 3551.258062163104 4737.672025184843
45 98702.05800689828 1513.7919517283294 3537.4106514383625 4715.425598548734
46 81878.93296654562 1504.539693691916 3518.0300644559093 4696.617943330647
47 66507.49746368309 1492.9550418415702 3503.3718873337857 4673.040442775502
48 51796.88438932039 1482.0865814921428 3483.405568044179 4661.047682586662
49 37507.41178492618 1480.3192986419783 3481.117908359812 4637.89695436858
50 23335.729789643778 1469.9018180128817 3446.4329827553233 4624.481430007175
51 23290.07138616384 1463.2756869448508 3440.1821778739636 4578.807582227481
52 23246.0696380259 1458.6657520625656 3412.921189492196 4570.5160201417875
53 23198.338807629403 1438.1903922959705 3393.9526308635495 4572.107216556128
54 23153.401162361242 1441.482244219303 3393.5414982864754 4540.635553470709
55 23111.656369790926 1429.547933303988 3353.155862884762 4514.080525681765
56 23064.544689767423 1427.3000794992813 3360.7104879396197 4503.676937404296
57 23019.926042104442 1425.197412260419 3347.0964028495705 4483.633761277804
58 22961.563784992602 1409.70313309876 3335.7601308894086 4460.522682459737
59 22932.021869035274 1412.0065643554267 3307.812331204529 4466.482862831949
60 22885.38825709697 1393.8592701120792 3304.2290557360484 4436.552831434859
61 22850.506829473878 1391.9191918642537 3287.068423344914 4404.4391940402675
62 22800.713112037647 1381.3509224962932 3277.3035775069834 4397.958106883273
63 22748.71619652723 1367.4991417200051 3272.22829872484 4393.451483449243
64 22719.21410945619 1372.9033879280153 3248.310416835922 4372.595789880657
65 22677.85509575847 1360.8390642082866 3224.92106841626 4344.778942661463
66 22633.51995676591 1347.0394649555458 3221.7483718020317 4331.409145971057
67 22587.168646297232 1349.7683521081258 3203.7946999593205 4322.032463125119
68 22537.032610812632 1343.9119156622703 3219.7660254055913 4305.497921822435
69 22509.65813143342 1339.9533108927785 3182.073051375861 4284.112263717747
70 22470.60873770665 1333.2898535494335 3187.7987354980955 4274.728077378686
71 22425.58861821856 1321.690210102406 3166.2120456280504 4255.162417398737
72 22404.97607526816 1318.4796326961875 3176.5516185914616 4236.332459334297
73 22303.028104777848 1310.5025030153322 3138.737103335688 4241.099466005829
74 22291.493368626758 1312.2380326787534 3129.762937093099 4207.448175107292
75 22265.855739109298 1298.35353524729 3121.1228216123914 4194.046213573117
76 22233.769564303497 1295.6266777694598 3106.1872935135975 4189.935189369519
77 22186.596422251856 1292.8675499827336 3099.2789932505393 4172.578378956416
78 22127.180822115886 1288.546845182145 3096.884556539183 4163.542239516101
79 22090.714689870932 1276.990260692026 3070.330027717718 4148.135010222427
80 22057.585865965448 1275.6401949630208 3083.7364257724385 4152.293285436259
81 21993.880211174488 1269.6011149986832 3057.2679471811953 4112.5297748933235
82 21978.134179062006 1256.8765313512708 3047.291930108666 4088.966956564766
83 21942.396829641973 1251.0535221266648 3042.252900369044 4106.941079137619
84 21903.001057698497 1253.9044881325249 3028.236578895347 4084.908318327949
85 21863.88562481531 1244.0952685252469 3005.6503665386003 4064.5058649433176
86 21807.37488311594 1239.1120574170259 3009.8732176708286 4058.062119090096
87 21771.699109097066 1239.0410861362593 3000.781731629508 4051.836584480239
88 21732.28118223125 1243.666159754104 2991.2796689844504 4027.450837614694
89 21688.417032826845 1223.3750108856862 2985.3510753065807 4017.543602855541
90 21671.525900938537 1221.4702986541458 2962.412060839666 4007.8351796807524
91 21648.975861416922 1214.253394591031 2967.616827447981 4013.0295085656676
92 21621.2812744893 1214.6178180198935 2942.936303097679 3997.746437832549
93 21572.47089706823 1216.8757295987323 2951.85516156373 3961.9231771154105
94 21520.665951202085 1205.537139168816 2933.179686418638 3952.9109442418544
95 21484.488683522326 1198.7530983368467 2930.1647154316215 3957.5858873479538
96 21469.926970155713 1196.5238582983268 2926.418805063112 3953.5161706516874
97 21429.491850542636 1191.1591164462423 2887.196042871878 3940.295928558427
98 21395.855953778693 1186.9744733003345 2896.688171969001 3928.5063978777084
99 21360.709259410072 1187.737225371956 2887.913682506762 3916.718417614642
