4 1.0911077880855755 3.3276853031308415 1.4383727315032604 1.247914269908264
5 1.081784977767316 3.300649014011166 1.527118458625549 1.2599459685692493
6 1.0755334960272263 2.6723578100123766 1.4508754702586883 1.3948718525773578
7 1.0615956030055864 1.0194609145711455 1.7894861127266217 1.2789135763176538
8 1.0733663689106543 1.020330672320147 1.6522679650657557 1.378099878912198
9 1.0503957588306274 1.018417603452109 1.9299791071944274 1.3644768409170882
10 1.0615637492533476 1.0179846746435728 4.108988993614468 1.5002475900301617
11 1.0798755882959712 1.0129928477245838 1.0113429315046225 1.631382442072808
12 1.029731626390163 1.0209223437748616 1.0091117998335652 1.8741704487265516
13 1.054558813210124 1.0164470722412264 1.0101979680268294 3.462906038803496
14 1.0751545509500333 1.0099432718963919 1.0095150531292614 1.0080623337835872
15 1.0390665989347558 1.0144690457184597 1.0108975784729282 1.0077485460387696
16 1.057703825342998 1.0128305184872173 1.0071187142470461 1.0092721678056222
17 1.0608145281035037 1.0158829562893614 1.0133370130118469 1.0064558826611762
18 1.0283705364883597 1.011653921962553 1.0075998442936587 1.007096615719473
19 1.050058701866356 1.0123224563232414 1.0070757863240347 1.0094946996016914
20 1.0929476535891574 1.0090558112553791 1.0088267870338365 1.0049418709984637
21 1.0378057301897776 1.0165604399006207 1.0093395351425534 1.011115381070788
22 1.036500517536578 1.0056186256510133 1.0103321117230584 1.0043352149590725
23 1.0364190315692767 1.0103344106587626 1.0035884458457096 1.006106548669804
24 1.0859668350411285 1.010992725026145 1.0108780324959474 1.006812200138539
25 1.0859043250258429 1.0121209448230002 1.0044324504687596 1.0064807284088413
26 1.0216597579092292 1.0082991721418366 1.0075076993754362 1.0091956665463422
27 1.0522963110282044 1.008250532392877 1.0037979822776903 1.004733627043439
28 1.0663743508507593 1.0132322524492825 1.0102548590942113 1.0089058304311478
29 1.0830268430641186 1.0059817086350151 1.0060887010129789 1.0061697640635665
30 1.092227331241051 1.0113006964223377 1.0088537791726426 1.0045205416189553
31 1.0423451166085156 1.00828126511395 1.0007946134997803 1.0070614168163257
32 1.0846223267426438 1.0075639277205157 1.011542371366208 0.9991657960996513
33 1.0991951117980034 1.0062800313316282 1.0061144628995893 1.0113545467291591
34 1.0417306209279698 1.0074354018415708 1.005561082744811 1.0031407510641028
35 1.1599584542112737 1.0062088538128122 1.0069343427236994 1.006683143002844
36 1.0388538934146867 1.0118938474031718 1.0059502211686167 1.0061284932402423
37 1.1653102128456416 1.0015709859055626 1.0042910207633162 1.0061905881058562
38 1.1234870803800987 1.0104504571527155 1.0052381573393145 1.0017364142048466
39 1.1444501517716912 1.0078817349428875 1.007622265492537 1.0047545652847467
40 1.0982818274300652 1.0041545238817047 1.0073436527383388 1.003429131585208
41 1.098781005484954 1.0094792640086587 1.0044766414212778 1.0063380795732888
42 1.1587641681618444 1.0064743232747144 1.0006577813441477 1.0057428569971856
43 1.1340513994904822 1.0045241329235601 1.0084039352181058 1.0082628049063795
44 1.1541784629444374 1.006589529940088 1.00568326298558 1.0036340937491925
45 1.1820463500012626 1.0089806914415234 1.00391456126789 1.0047177982498452
46 1.205463413247292 1.0061495606099362 1.0055089315973342 1.0040045103615027
47 1.231123348330107 1.0077595450135297 1.0041840197368481 1.005045430452372
48 1.28400575146168 1.007333215538923 1.0057318388282928 1.0025729752204948
49 1.3809773035348973 1.0011938524693866 1.000657162366972 1.0049916435069295
50 1.607295427356709 1.0070871948734506 1.0100640069828832 1.0029009791831696
51 1.0019604235093527 1.0045282861781606 1.001816998216421 1.009975052884287
52 1.0018928682922794 1.003160377814977 1.0079875821527025 1.0018141413462187
53 1.002057510703344 1.0142368909403627 1.005588928512482 0.999651977449571
54 1.0019408658344853 0.9977163423715181 1.0001211514806234 1.00693111409511
55 1.0018062224490702 1.008348311124995 1.0120440674555966 1.005882710252479
56 1.0020426017793624 1.0015748992359723 0.9977520750204552 1.0023100209944156
57 1.0019382619901285 1.0014753515693853 1.00406743142458 1.0044702973511332
58 1.0025417370375262 1.0109911645919378 1.0033984074140065 1.005181249029166
59 1.0012882386091397 0.9983686823313613 1.0084490282055096 0.9986655763482694
60 1.002037702459509 1.0130194594479314 1.001084451291977 1.006746235767784
61 1.0015265056431089 1.0013938152869544 1.0052206495822413 1.0072911978074406
62 1.0021838666708167 1.0076506767366993 1.002979536563213 1.0014736582294521
63 1.0022857076883465 1.0101292793199603 1.0015510161024281 1.0010257592353091
64 1.0012985522707303 0.9960636369204637 1.0073631761807469 1.0047696367491483
65 1.0018237621469526 1.008865356703107 1.0072526886467792 1.0064023619121472
66 1.0019588265138275 1.0102443912088324 1.0009847748017806 1.0030867083297457
67 1.0020521080439304 0.9979782551959246 1.0056038771282503 1.0021695077318227
68 1.002224606777227 1.0043577531961754 0.9950396006044386 1.0038403319669202
69 1.0012161215074602 1.0029542855988425 1.011845414426747 1.004991852871318
70 1.0017377986587985 1.0049977559835215 0.9982038752765425 1.0021952709433661
71 1.0020075334589664 1.0087763708608606 1.0068178282310094 1.0045980994520793
72 1.0009199984361132 1.0024350602971797 0.9967450322850425 1.0044448725979827
73 1.0045710371708887 1.0060870770277057 1.0120476847887598 0.9988759974365748
74 1.0005174501304306 0.9986774277073205 1.0028673629354574 1.0079980286145007
75 1.0011514324810984 1.0106939266190074 1.0027682715402542 1.0031954730233545
76 1.0014431279731042 1.0021046629593369 1.004808315367841 1.0009811665378567
77 1.0021262000332927 1.0021341148107268 1.0022290023834908 1.0041597326249494
78 1.002685186179551 1.0033531608235615 1.0007731759668923 1.0021703008929639
79 1.0016507447928642 1.0090498611037615 1.008648753906499 1.003714254539861
80 1.0015019242861296 1.001058343672719 0.9956525473634271 0.9989985593675628
81 1.0028965173120563 1.0047566750635248 1.008657559313912 1.0096688687303101
82 1.000716440803582 1.0101239726655824 1.0032737319893645 1.0057625357648654
83 1.0016286894133533 1.0046544844977596 1.001656348076457 0.9956234768830363
84 1.0017986472191502 0.9977263292117998 1.004628542423462 1.0053936977510156
85 1.001789043061897 1.0078846209413737 1.0075145840674602 1.0050196639056679
86 1.0025913592077111 1.0040215984328396 0.9985970003296365 1.0015878874359534
87 1.0016386306755436 1.0000572791988585 1.0030297058748032 1.0015364722836313
88 1.0018137961006157 0.9962810971565238 1.0031765878475294 1.0060548838083365
89 1.002022468921453 1.0165862051193344 1.0019858949679012 1.002465993088939
90 1.0007794159011008 1.0015593602510344 1.0077433571008392 1.0024223608854999
91 1.001041621537479 1.005943490951117 0.9982461460117845 0.998705634016937
92 1.0012808948080378 0.9996999686457289 1.0083863603586405 1.0038229214810843
93 1.0022626233987737 0.99814450109907 0.9969785582361276 1.0090418867594553
94 1.0024072185304866 1.009405426064048 1.0063669727536857 1.0022798977767724
95 1.0016838784582063 1.005659247797884 1.0010289424929384 0.9988187386858628
96 1.000678237675743 1.001863097023147 1.0012800322230122 1.0010293916909907
97 1.0018868912009247 1.0045037995159622 1.0135850706390617 1.0033551393938316
98 1.0015720753045172 1.0035254702102165 0.996723109795187 1.0030010211227065
99 1.0016453898576958 0.9993578107553356 1.0030383489352155 1.0030096573218161
